Sephiroth 
7500 10 6 150 1
4550 5000
6
1
1
1
0
1
0
5001 5362
3
2
0
0
5363 5415
5
2
1
1
0
1
5416 5667
5
1
0
0
2
1
5668 5685
2
1
1
5686 5999
5
0
1
1
0
1
6000 6310
2
1
0
4550 5000
2
1
1
4472 4549
3
0
0
1
4137 4471
5
1
2
2
1
1
3917 4136
3
1
2
1
3551 3916
2
2
0
6311 6366
5
2
0
1
1
1
6367 6509
2
0
1
6510 6806
2
0
2
6807 7080
4
0
1
1
1
3251 3550
6
0
0
0
0
1
1
7081 7291
3
0
2
0
7292 7479
6
1
2
1
1
0
0
2968 3250
2
1
0
7480 7591
2
1
0
7592 7842
5
1
2
0
2
1
7843 7964
5
1
2
2
1
0
2895 2967
6
1
1
1
1
1
2
7965 8270
5
2
1
0
2
0
8271 8591
5
0
0
1
0
1
2530 2894
6
1
0
2
0
2
2
8592 8760
3
1
0
1
8761 9114
2
1
2
9115 9221
5
0
0
2
0
0
9222 9461
4
1
1
0
0
9462 9496
3
1
0
0
9497 9787
6
0
1
2
1
2
1
2273 2529
2
2
1